-177 -176 -174 -167 -165 -159 -150 -135 -135 -132 
-124 -122 -114 -112 -110 -106 -105 -101 -99 -96 
-90 -90 -88 -85 -84 -78 -78 -75 -73 -67 
-66 -62 -59 -55 -55 -53 -49 -34 -32 -24 
-16 -15 -11 -1 -1 3 6 13 24 31 
32 37 39 39 43 48 52 55 55 56 
62 65 65 66 67 68 71 71 72 73 
76 79 86 101 103 103 108 113 115 115 
118 118 120 124 127 127 129 133 136 145 
160 163 166 169 170 173 178 178 179 179 

fi(aij) – iloczyn elementów ka¿dego wiersza pod diagonal¹ dodatkow¹: 
-124 8100 -241428 2640 77437152 1457905872 1277232416 -1676261760 386776576 

F(fi(aij))=sumafi(aij)
1522859444

Kolumna 4 przedstawiona w systemie 7-kowym
tablica[3][0] = 1326
tablica[3][1] = 1220
tablica[3][2] = 1151
tablica[3][3] = 1106
tablica[3][4] = 11
tablica[3][5] = 054
tablica[3][6] = 0123
tablica[3][7] = 0203
tablica[3][8] = 0235
tablica[3][9] = 0331

2.552