 146    111    -32    109   -101    -56     63    159     81     46
-182    114    175   -167     91     95     17     73    -98    -40
-105     40    -65    -71    154     60    -13    160    172   -189
 111    148   -187    185     -3     -2   -161    -51      0    137
  30   -173   -152   -121   -101    188   -164    143    -96   -169
-105    -53    -71     65     35   -131    -19     74   -183     86
 -83     37    140     31      5    121    -84    -66   -121    -55
  -5     22    160   -171     67    109   -162   -198    -94   -194
 119    -17    -25   -157    158     56   -197    -24    -85   -135
-141      6     33     59   -100    137    -40     -4     95     -5
