-198 -197 -194 -189 -187 -183 -182 -173 -171 -169 
-167 -164 -162 -161 -157 -152 -141 -135 -131 -121 
-121 -105 -105 -101 -101 -100 -98 -96 -94 -85 
-84 -83 -71 -71 -66 -65 -56 -55 -53 -51 
-40 -40 -32 -25 -24 -19 -17 -13 -5 -5 
-5 -4 -3 -2 0 5 6 17 22 30 
31 33 35 37 40 46 56 59 60 63 
65 67 73 74 81 86 91 95 95 109 
109 111 111 114 119 121 137 137 140 143 
146 148 154 158 159 160 160 172 175 185 


Wartosc funkcji F: 2368
Wartosc funkcji f: 
-167 -226 -238 -137 -14 222 537 959 1432 
indeksy oraz wartoœci elementów z cyframi 33 na koñcu
tablica[61] = 33
