99  99  96  95  94  91  90  88  88  85  
82  82  79  75  74  72  71  70  68  65  
63  60  59  58  56  54  53  50  49  48  
47  45  44  43  43  42  40  36  35  33  
32  31  27  26  26  21  18  18  17  16  
14  13  12  12  10  7   4   2   -2  -2  
-9  -22 -23 -25 -29 -29 -30 -34 -36 -39 
-47 -51 -52 -54 -55 -59 -62 -64 -64 -65 
-67 -69 -72 -74 -75 -75 -79 -80 -81 -82 
-82 -84 -85 -87 -89 -94 -95 -97 -98 -100 

Wartosci funkcji f(a) to:
82 60 44 26 10 -29 -62 -80 -98 
Wartosc funkcji F(f(a)) to: 
-47Indeksy oraz wartoœci elementów z cyfr¹ 3 na koñcu
tablica[2][0] = 63
tablica[2][6] = 53
tablica[3][3] = 43
tablica[3][4] = 43
tablica[3][9] = 33
tablica[5][1] = 13
