   98   23   47   84   29   58   58   42   66   66
   36   65   26    7   15    3   97   23   15   36
   50   30    1   20   65   78   21   20   69   85
   90   87   66   93   85    2    1   84    1   26
   25   16   50   60   75   37   47   45   93   44
   25   67   76    6    8   40   69   61    0   37
   68   54   40   74   92   92   65    0    2   43
   47   43   21   61   79   97   21   49    0   74
   19    9    8   10   69   86   81   24   31   41
   93   93   52   36   94   63   44   38   14   50




   98   93   76   93   94   97   97   84   93   85
   93   87   66   84   92   92   81   61   69   74
   90   67   52   74   85   86   69   49   66   66
   68   65   50   61   79   78   65   45   31   50
   50   54   47   60   75   63   58   42   15   44
   47   43   40   36   69   58   47   38   14   43
   36   30   26   20   65   40   44   24    2   41
   25   23   21   10   29   37   21   23    1   37
   25   16    8    7   15    3   21   20    0   36
   19    9    1    6    8    2    1    0    0   26
